13 1000
302 1001
304 1001
305 1001
306 1001
307 1001
24 1002
311 1002
310 1002
308 1002
315 1002
314 1002
312 1002
316 1002
25 1002
20 1003
321 1003
318 1003
21 1004
400 1004
404 1004
405 1004
448 1004
417 1005
433 1005
434 1005
435 1005
436 1005
437 1005
440 1005
441 1005
438 1005
439 1005
443 1005
444 1005
445 1005
446 1005
501 1005
500 1005
502 1005
504 1005
503 1005
26 1005
505 1005
506 1005
507 1005
508 1005
509 1005
511 1005
515 1005
512 1005
510 1005
541 1005
34 1005
35 1005
37 1005
31 1006
536 1007
535 1007
537 1007
538 1007
604 1007
601 1007
600 1007
40 1007
42 1007
605 1007
606 1007
19 1008
222 1008
223 1008
246 1008
15 1009
218 1009
220 1009
216 1009
14 1010
211 1010
209 1010
207 1010
251 1011
204 1011
202 1011
200 1011
300 1011
36 1012
29 1012
539 1012
540 1012
542 1012
543 1012
418 1013
421 1013
420 1013
423 1013
424 1013
426 1013
427 1013
428 1013
429 1013
447 1013
431 1013
432 1013
630 1013
17 1014
18 1015
255 1015
257 1015
22 1016
410 1016
28 1017
513 1018
514 1018
519 1018
520 1018
521 1018
522 1018
523 1018
524 1018
525 1018
526 1018
527 1018
528 1018
529 1018
533 1018
534 1018
532 1018
16 1019
38 1020
28 1020
531 1020
530 1020
32 1021
33 1021
262 1021
263 1021
30 1022
135 1023
132 1023
124 1023
121 1023
128 1023
140 1023
112 1024
115 1024
118 1024
120 1024
102 1025
104 1025
105 1025
107 1025
109 1025
110 1025
